-6111.772105790442765
-6111.782682806537196
-6111.789013494346364
-6111.791830893392216
-6111.793386884299252
-6111.794536154800880
-6111.795308428660064
-6111.795844920521631
-6111.796224258021539
-6111.796478595815643
-6111.796769609891271
-6111.796917849731472
-6111.797104988589126
-6111.797180490043502
-6111.797272497041376
-6111.797360868482428
-6111.797435567158573
-6111.797486017459050
-6111.797554076411870
-6111.797612151624890
-6111.797703691039715
-6111.797749829890563
-6111.797831552473326
-6111.797883461141282
-6111.797961406470677
-6111.798006604607508
-6111.798005192180426
-6111.798096227775204
-6111.798134148797544
-6111.798182802580413
-6111.798207492898655
-6111.798277461113685
-6111.798324344133107
-6111.798268814843141
-6111.798428867789880
-6111.798469087179001
-6111.798461512327776
-6111.798588101951282
-6111.798634728384059
-6111.798748671706562
-6111.798846497469640
-6111.799351906682205
-6111.804383860850066
-6111.811856528044700
-6111.780399633627894
-6111.830865503564382
-6111.841313179590543
-6111.855610472597618
