   0.0072204571
   0.0055749822
   0.0029420336
   0.0028680993
   0.0015476606
   0.0023029387
   0.0016594201
   0.0049176013
   0.0039738600
   0.0113153228
   0.0014208877
   0.0019507658
   0.0125269303
   0.0016315270
   0.0014832650
   0.0046436624
   0.0030355566
   0.0022862524
   0.0025927514
   0.0059482859
   0.0136587027
   0.0021856441
   0.0013701485
   0.0036901862
   0.0037645131
   0.0015367747
   0.0014703464
   0.0019816992
   0.0036378116
   0.0070482582
   0.0043924568
   0.0069357164
   0.0022409403
   0.0027767262
   0.0013246329
   0.0017000096
   0.0026385102
   0.0017928369
   0.0013333384
   0.0022497737
   0.0011630171
   0.0033989398
   0.0010996158
   0.0007724352
   0.0010432197
   0.0029486801
   0.0013253342
   0.0014239059
   0.0007368492
   0.0032538664
   0.0010915559
   0.0011006842
   0.0010695596
   0.0009676862
   0.0030970290
   0.0007082848
   0.0006807756
   0.0024432311
   0.0008735109
   0.0007619438
   0.0009823805
   0.0003922518
   0.0008991606
   0.0004699381
   0.0013830434
   0.0006248484
   0.0065818494
   0.0003693401
   0.0005985962
   0.0225812624
   0.0008205999
   0.0008177609
   0.0015325245
   0.0012812698
   0.0009674356
   0.0025966200
   0.0011988961
   0.0007535823
   0.0008575487
   0.0015595037
   0.0011075550
   0.0017998617
   0.0007772302
   0.0010598034
   0.0015437162
   0.0010461262
   0.0010657468
   0.0006564113
   0.0009000185
