0.0312832171
0.0213067876
0.0343505986
0.0273750833
0.0235294813
0.0216880660
0.0250598365
0.0133284992
0.0102931990
0.0119257751
0.0085370186
0.0101979818
0.0106757318
0.0128088491
0.0107421319
0.0164255563
0.0060278630
0.0057474194
0.0026402041
0.0032528804
0.0023985608
0.0039580052
0.0020306977
0.0015919757
0.0015988430
0.0025983543
0.0015938260
0.0014365163
0.0014903498
0.0060551238
0.0022399615
0.0005642567
0.0004998590
0.0025606812
0.0008009854
0.0006979129
0.0008525378
0.0010349607
0.0021025757
0.0006455413
0.0005579904
0.0007906589
0.1869246971
0.1126451918
0.0701909564
0.0480432004
0.0208050444
0.0059510234
0.0021252993
0.0025552172
0.0009926300
0.0009666184
0.0015301343
0.0183273895
0.0051039395
0.0024275294
0.0017496203
0.0012014230
0.0014669888
0.0017066623
0.0013242128
0.0013531171
