9.558
9.610
9.696
9.707
9.701
9.692
9.685
9.684
9.700
9.696
9.700
9.731
9.710
9.703
9.674
9.681
9.688
9.690
9.690
9.691
9.695
9.701
9.722
9.727
9.752
9.787
9.774
9.752
9.745
9.741
9.740
9.741
9.742
9.742
9.742
9.742
9.742
9.744
9.746
9.747
9.747
9.747
9.746
9.746
9.746
9.747
9.747
9.747
9.747
9.747
9.746
9.746
9.747
9.747
9.747
9.747
9.747
9.747
9.747
9.747
9.747
9.747
9.746
9.746
9.746
9.746
9.746
9.747
9.747
9.746
9.746
9.746
9.739
9.746
9.746
9.745
9.746
9.746
9.745
9.743
9.744
9.745
9.746
9.745
9.744
9.744
9.744
9.744
9.744
9.745
9.745
9.743
9.744
9.743
9.743
9.744
9.744
9.744
9.737
9.743
9.743
