38655.3662611118
22786.3158834222
-1937.1758256772
-4808.8073791573
-2736.5035215325
603.7237660153
3483.7518240103
5476.4702574455
7439.0639085452
4014.8524483429
2569.7194934761
-9130.8254453628
-2482.6797576939
-1454.0509104499
2294.6745957894
922.9234822951
-556.0586222771
-1093.8582563398
-983.3787563724
-652.6985800303
563.1166411321
2229.4841308766
5338.3963964448
4543.2893504016
1410.9008096402
-3158.3243215469
-3753.8434470590
-1153.9026435277
144.1063451885
675.8425997716
357.1292019058
-97.1885970429
-526.4769243329
-637.5353443555
-701.3652279015
-539.5147085078
-289.7540651463
-194.3259320074
-178.2176862004
-192.1796878857
-227.3831388045
-186.4273594373
-178.3878909156
-130.1972158146
-122.5020456031
-270.0719154911
-292.3553645161
-354.8400092685
-304.1697592841
-291.5114966929
-225.5877693982
-36.3780215464
-238.2396555516
-203.6362690880
-281.3986126279
-365.4192194047
-353.3515568370
-332.9916434476
-258.4865844781
-262.4240417923
-441.3624267766
-370.3675555162
-277.4339291005
-316.4839679337
-294.7559055531
-137.5662413441
-293.4847336617
-584.5968937600
-496.4973385591
-292.1915286695
-338.0436506886
-295.7545319464
-1504.2267541253
-281.9626230599
-327.3194696855
-410.0392845273
-404.6785699214
-568.2563731035
-513.7072461656
-159.3028202078
-327.4417780389
-412.0491506819
-552.3373013755
-464.2121592695
-399.4892270971
-372.9719899533
-400.2274625462
-373.8508240278
-350.4734214530
-598.1972234956
-563.6708216597
-271.2907788487
-395.5735428914
-434.6419403306
-450.8703893456
-444.5981346091
-528.6517937254
-454.2568601750
160.2266441762
-358.7606904455
-413.2970702695
