1 0.03197364
3 0.30420849
5 0.55669841
7 0.52841007
9 0.19647020
11 0.07549020
13 0.03078442
15 0.03764508
17 0.03688712
19 0.02815072
21 0.01626281
23 0.01244505
25 0.01168330
27 0.01340259
29 0.01043288
31 0.01021814
33 0.00865180
35 0.01668742
37 0.00951697
39 0.00795337
41 0.01181609
43 0.00625597
45 0.00536873
47 0.00426440
49 0.00342138
1 0.01639792
3 0.10623161
5 0.23532324
7 0.02578806
9 0.01758706
11 0.02647478
13 0.03141725
15 0.01882754
17 0.01196352
19 0.01159685
21 0.02257616
23 0.02238365
25 0.00940802
27 0.00824544
29 0.00751789
31 0.00717427
33 0.01437314
35 0.00640743
37 0.00794487
39 0.00853936
41 0.00941273
43 0.00265567
45 0.00207709
47 0.00645184
49 0.00528355
1 0.00873876
3 0.03831795
5 0.06782630
7 0.02657894
9 0.01372227
11 0.01189588
13 0.02013921
15 0.00981069
17 0.00711161
19 0.00720197
21 0.00638548
23 0.00462178
25 0.00371848
27 0.00227298
29 0.00179676
31 0.00128810
33 0.00097037
35 0.00081892
37 0.00071625
39 0.00109421
41 0.00122644
43 0.00150841
45 0.00149477
47 0.00114098
49 0.00084894
1 0.00230233
3 0.00615937
5 0.00981476
7 0.00473927
9 0.00343947
11 0.00168337
13 0.00135859
15 0.00077002
17 0.00041869
19 0.00064776
21 0.00031499
23 0.00032110
25 0.00027950
27 0.00023796
29 0.00026691
31 0.00023872
33 0.00019439
35 0.00015659
37 0.00019988
39 0.00011467
41 0.00012814
43 0.00014878
45 0.00008900
47 0.00008778
49 0.00009573
1 0.00006941
3 0.00008692
5 0.00007351
7 0.00004964
9 0.00004595
11 0.00004050
13 0.00003728
15 0.00004059
17 0.00004428
19 0.00002987
21 0.00003207
23 0.00005092
25 0.00002867
27 0.00001944
29 0.00003268
31 0.00002561
33 0.00003045
35 0.00004502
37 0.00003616
39 0.00004021
41 0.00004406
43 0.00003377
45 0.00003004
47 0.00005475
49 0.00002455
1 0.00002860
3 0.00002053
5 0.00001297
7 0.00001459
9 0.00002473
11 0.00002157
13 0.00002656
15 0.00001682
17 0.00002612
19 0.00002302
21 0.00006168
23 0.00004818
25 0.00005072
27 0.00002782
29 0.00003036
31 0.00002021
33 0.00003476
35 0.00003232
37 0.00001894
39 0.00001173
41 0.00003683
43 0.00004318
45 0.00002232
47 0.00003054
49 0.00003060
1 0.00004902
3 0.00004392
5 0.00004375
7 0.00004374
9 0.00004374
11 0.00004374
13 0.00004374
15 0.00004374
17 0.00004374
19 0.00004374
21 0.00004374
23 0.00004374
25 0.00004374
27 0.00004374
29 0.00004374
31 0.00004374
33 0.00004374
35 0.00004374
37 0.00004374
39 0.00004374
41 0.00004374
43 0.00004374
45 0.00004374
47 0.00004374
49 0.00004374
1 0.00004851
3 0.00004720
5 0.00004716
7 0.00004715
9 0.00004715
11 0.00004715
13 0.00004715
15 0.00004715
17 0.00004715
19 0.00004715
21 0.00004715
23 0.00004715
25 0.00004715
27 0.00004715
29 0.00004715
31 0.00004715
