      77     N        1         2.735944     2.735944    -0.471887    -0.000000
      77     N        1         2.735969     2.735969    -0.471939     0.000000
      77     N        1         2.735522     2.735522    -0.471045    -0.000000
      77     N        1         2.736294     2.736294    -0.472589     0.000000
      77     N        1         2.735361     2.735361    -0.470721    -0.000000
      77     N        1         2.735037     2.735037    -0.470074     0.000000
      77     N        1         2.735114     2.735114    -0.470227     0.000000
      77     N        1         2.735280     2.735280    -0.470560    -0.000000
      77     N        1         2.735483     2.735483    -0.470965    -0.000000
      77     N        1         2.735311     2.735311    -0.470622    -0.000000
      77     N        1         2.735139     2.735139    -0.470277    -0.000000
      77     N        1         2.735067     2.735067    -0.470133    -0.000000
      77     N        1         2.735070     2.735070    -0.470139    -0.000000
      77     N        1         2.735022     2.735022    -0.470043    -0.000000
      77     N        1         2.734971     2.734971    -0.469942    -0.000000
      77     N        1         2.734948     2.734948    -0.469896    -0.000000
      77     N        1         2.734888     2.734888    -0.469776    -0.000000
      77     N        1         2.735129     2.735173    -0.470302    -0.000043
      77     N        1         2.741740     2.741652    -0.483393     0.000088
      77     N        1         2.736029     2.736044    -0.472072    -0.000015
      77     N        1         2.736155     2.736144    -0.472300     0.000011
      77     N        1         2.735899     2.735535    -0.471434     0.000363
      77     N        1         2.735597     2.735545    -0.471142     0.000051
      77     N        1         2.735937     2.735848    -0.471785     0.000089
      77     N        1         2.736008     2.735897    -0.471906     0.000111
      77     N        1         2.736042     2.735959    -0.472000     0.000083
      77     N        1         2.735714     2.735665    -0.471379     0.000049
      77     N        1         2.735762     2.735684    -0.471446     0.000078
      77     N        1         2.735884     2.735781    -0.471665     0.000103
      77     N        1         2.736594     2.736330    -0.472923     0.000264
      77     N        1         2.735996     2.735875    -0.471871     0.000120
      77     N        1         2.736188     2.736025    -0.472213     0.000162
      77     N        1         2.736518     2.736383    -0.472901     0.000135
      77     N        1         2.736304     2.736131    -0.472435     0.000173
      77     N        1         2.736140     2.735987    -0.472127     0.000154
      77     N        1         2.736010     2.735836    -0.471846     0.000175
      77     N        1         2.735837     2.735698    -0.471535     0.000138
      77     N        1         2.736039     2.735864    -0.471902     0.000175
      77     N        1         2.736037     2.735917    -0.471954     0.000120
      77     N        1         2.736107     2.735930    -0.472037     0.000177
      77     N        1         2.736261     2.736160    -0.472421     0.000101
      77     N        1         2.736067     2.735860    -0.471927     0.000207
      77     N        1         2.736016     2.735881    -0.471897     0.000136
      77     N        1         2.736272     2.736035    -0.472308     0.000237
      77     N        1         2.736157     2.735994    -0.472151     0.000163
      77     N        1         2.736109     2.735987    -0.472097     0.000122
      77     N        1         2.736033     2.735855    -0.471888     0.000178
      77     N        1         2.736227     2.736107    -0.472334     0.000119
      77     N        1         2.736025     2.735822    -0.471846     0.000203
      77     N        1         2.736297     2.736066    -0.472363     0.000232
      77     N        1         2.736043     2.735900    -0.471943     0.000143
      77     N        1         2.736280     2.736118    -0.472397     0.000162
      77     N        1         2.736387     2.736240    -0.472627     0.000148
      77     N        1         2.736051     2.735892    -0.471943     0.000159
      77     N        1         2.735958     2.735803    -0.471761     0.000155
      77     N        1         2.736074     2.735905    -0.471978     0.000169
      77     N        1         2.736070     2.735911    -0.471981     0.000159
      77     N        1         2.735906     2.735744    -0.471650     0.000162
      77     N        1         2.736095     2.735927    -0.472023     0.000168
