2 0.06515156
3 9.10824149
4 8.80322420
5 0.39099615
6 1.19255170
7 0.23553449
8 1.05858744
9 0.26304110
10 1.06289595
11 1.70043090
12 2.14069775
13 0.03967316
14 5.68436074
15 4.93059721
16 1.12813067
17 0.02213498
18 0.01997118
19 0.02236322
20 0.02438658
21 0.59092240
22 0.19712376
23 0.52849663
24 0.70414831
25 0.71070655
26 1.11246034
27 1.12232117
28 1.12513080
29 0.23889513
30 0.17001028
31 0.00215849
32 0.13080700
33 0.14288228
34 0.00151449
35 0.09945877
36 1.20446642
37 1.13268487
38 0.84611975
39 0.84495617
40 0.18009026
41 0.17706284
42 0.14220806
43 0.00842518
44 0.00267115
45 0.09125488
46 0.09244390
47 0.13379568
48 0.14503990
49 1.13157684
50 1.14912134
51 0.16108605
52 0.00310528
53 0.00272343
54 0.01266967
55 0.00720693
56 0.13213649
57 0.13187156
58 0.14445871
59 2.41100549
60 0.48797298
61 0.70649784
62 0.29561191
63 0.82907202
64 0.01248507
65 0.09564815
66 0.02343412
67 0.00533313
68 0.09976612
69 0.09874755
70 0.17007697
71 0.41142997
72 0.40964836
73 0.40219949
74 0.24932336
75 0.00278972
76 0.23746132
77 0.04643812
78 0.26155523
79 0.25391898
80 0.22919629
81 0.22934748
82 0.01183793
83 0.23184715
84 0.23115676
85 0.18439972
86 0.00032844
87 0.18388785
88 0.00083554
89 0.15864299
90 0.00092153
91 0.00333461
92 0.01105784
93 0.10163224
94 0.00207814
95 0.00183867
96 0.10050077
97 0.13189074
98 0.00639435
99 0.59435736
100 0.39607728
101 0.00303860
102 0.00443385
103 0.00448058
104 0.85131491
105 0.18216470
106 0.00122544
107 0.16526942
108 0.00294168
109 0.00456953
110 0.00531600
111 0.00128505
112 0.12965556
113 0.02982170
114 0.02348523
115 6.24375521
116 6.22138167
117 0.45465757
118 0.64747680
119 0.38047000
120 0.38685674
121 0.00529008
122 0.00395012
123 0.01177793
124 0.41502803
125 0.09511468
126 0.00733370
127 0.00056648
128 0.10187603
129 0.00059690
130 0.09933576
131 0.00253068
132 1.19869999
133 1.13540376
134 0.18257789
135 0.23655651
136 0.12159700
137 0.11982712
138 0.28742552
139 0.00101049
140 0.42118163
141 0.00462004
142 0.39681606
143 0.00095688
144 0.18214254
145 0.18212284
146 0.00152964
147 0.00123842
148 0.00093085
149 0.00075524
150 2.81747084
151 0.50923613
152 0.01718824
153 1.12888332
154 0.05364761
155 0.03595402
156 0.04399579
157 0.31747568
158 1.04547875
159 0.03961352
160 0.02118727
161 0.01768240
162 1.03063101
163 0.95419362
164 0.01480534
165 0.51159556
166 0.00547135
167 0.00411446
168 0.20563360
169 0.11113839
170 0.26635075
171 0.09927762
172 0.09929090
173 0.00095682
174 0.00246188
175 0.00492165
176 0.01598540
177 0.00195005
178 0.13292622
179 0.14277375
180 2.29238175
181 2.34632714
182 0.53124000
183 0.37349656
184 0.38406676
185 0.42554431
186 0.42878630
187 0.38984597
188 0.18215060
189 0.41842544
190 0.16274060
191 0.16269673
192 0.16338575
193 0.00468934
194 0.17835681
195 0.12633225
196 0.11405014
197 0.18449124
198 0.00987690
199 0.18238054
200 0.00986530
201 0.00707160
202 0.18248121
203 0.18266724
204 0.80510230
205 0.40672165
206 0.00140736
207 0.00068167
208 0.00176366
209 0.00103104
210 0.00274383
211 0.34339703
212 0.40342246
213 0.75034701
214 0.45265433
215 0.30355064
216 0.01030785
217 0.00548517
218 0.18177208
219 0.18171664
220 0.23811676
221 0.11971827
222 0.41652413
223 0.41927763
224 0.00108824
225 0.28331160
226 0.17992750
227 0.28555681
228 0.09973603
229 0.00295697
230 0.09944423
231 0.00206176
232 0.09883004
233 0.00224156
234 0.12980937
235 0.01886619
236 0.00162187
237 0.00164771
238 0.00253636
239 0.00673702
240 1.43212516
241 0.20805240
242 0.29072561
243 0.89520962
244 0.42037723
245 0.00033549
246 0.52327406
247 0.00246092
248 0.00984719
249 0.10269821
250 0.00473906
251 0.00564240
252 0.10135114
253 0.10090337
254 0.13141188
255 0.01009186
256 0.01498375
257 0.00994510
258 0.16353951
259 0.00304994
260 0.40554160
261 0.42935283
262 0.83158731
263 0.43555604
264 0.00490305
265 0.40041991
266 0.16649588
267 0.10084860
268 0.00110408
269 0.09897139
270 0.00213163
271 0.00198889
272 0.16398008
273 0.18725251
274 0.00352757
275 0.09537134
276 0.22723560
277 0.22952556
278 0.09654348
279 0.10336919
280 0.09923801
281 0.00215025
282 0.15990398
283 0.01688256
284 0.18132479
285 0.12523681
286 0.09962853
287 0.39435097
288 0.27931745
289 0.11717795
290 0.18013165
291 0.16617717
292 0.16534565
293 0.18145407
294 0.00278698
295 0.00405378
296 0.00072172
297 0.00423184
298 0.00254075
299 0.28897526
300 0.16393332
301 0.16393084
302 0.23121552
303 0.23429824
304 0.11902203
305 0.11386914
306 0.27165719
307 0.16078280
308 0.11738916
309 0.13336598
310 0.13412430
311 0.23239605
312 0.13783943
313 0.05869965
314 0.11279913
315 0.05286147
316 0.00217409
317 0.00094610
318 0.16367499
319 0.39773931
320 0.18352768
321 0.01311704
322 0.00035945
323 0.18299294
324 0.23212103
325 0.11922107
326 0.00084864
327 0.00386129
328 0.01644025
329 0.01623520
330 0.15762728
331 0.10179564
332 0.00827083
333 0.09724085
334 0.11065442
335 0.00017269
336 0.03983608
337 0.07355987
338 0.26964983
339 0.00113539
340 0.41716738
341 0.00103413
342 0.18360834
343 0.00246659
344 0.39993383
345 0.00251796
346 0.41594189
347 0.00028939
348 0.18259316
349 0.21679976
350 0.10601384
351 0.00123246
352 0.15929903
353 0.18263064
354 0.83362621
355 0.43563082
356 0.16622186
357 0.00088357
358 0.00100679
359 0.00223625
360 0.17810141
361 0.28454935
362 0.18323224
363 0.18304656
364 0.00128249
365 0.00202196
366 0.00045038
367 0.18293671
368 0.39957980
369 0.16726503
370 0.28553202
371 0.00076193
372 0.18277802
373 0.00021834
374 0.00032499
375 0.00047299
376 0.18253821
377 0.00109301
378 1.62762939
379 1.22987196
380 0.01481282
381 0.00665601
382 0.00191939
383 0.00056826
384 0.16584176
385 0.26289822
386 0.23547373
387 0.24026089
388 0.16337782
389 0.24505796
390 0.00601586
391 0.00496560
392 0.18255815
393 0.00441740
394 0.01156727
395 0.39018653
396 0.00268132
397 0.00293951
398 0.00567166
399 0.24295760
400 0.00257661
401 0.00387332
402 0.00432969
403 5.59653971
404 5.59864085
405 0.05176176
406 0.14915556
407 0.15311508
408 0.16843205
409 0.39808480
410 0.00398175
411 0.16316373
412 0.29168889
413 0.00058145
414 0.00627196
415 0.09524589
416 0.09871454
417 0.09877059
418 0.10076027
419 0.41744054
420 0.52422238
421 0.13614277
422 0.08966116
423 0.00151456
424 0.00063559
425 0.00042727
426 0.00157267
427 0.10096899
428 0.13967682
429 0.01904365
430 0.95730250
431 0.31837902
432 0.71097330
433 0.42077297
434 0.41863726
435 0.41891278
436 0.13583065
437 0.13631556
438 0.10047955
439 0.18145958
440 0.18139876
441 0.00152080
442 0.28740297
443 0.16578802
444 0.41543011
445 0.41632396
446 0.43752360
447 0.00226958
448 0.00814634
449 0.00260026
450 0.00573690
451 0.43597752
452 0.00459004
453 0.45075326
454 0.82839157
455 0.00915088
456 0.18139098
457 0.28493897
458 0.11806015
459 0.12303091
460 0.16359590
461 0.41650130
462 0.41554482
463 0.00215999
464 0.38839684
465 0.38713462
466 0.00227812
467 0.00407459
468 0.00051774
469 0.00175202
470 0.00607080
471 0.43462927
472 0.00024985
473 0.87402712
474 0.10685359
475 0.00576178
476 0.18223855
477 0.00146965
478 0.39677968
479 0.39613607
480 0.18224986
481 0.41934435
482 0.39299184
483 0.22829008
484 0.12660479
485 0.23421535
486 0.39453823
487 0.23116180
488 0.16596874
489 0.00221030
490 0.00111008
491 0.00153506
492 0.43361870
493 0.00109208
494 0.43673256
495 0.52004677
496 0.95926076
497 0.00350246
498 0.00482934
499 0.43432061
500 0.40092145
1 2.02454154
2 0.06532836
3 8.95455321
4 8.64647431
5 0.28160755
6 1.27132615
7 0.40580664
8 0.17633143
9 0.01113741
10 0.31142451
11 1.35162934
12 1.36575435
13 0.12100932
14 1.05999729
15 1.04472259
16 0.15903997
17 0.00188554
18 0.15484955
19 0.39917063
20 0.43961664
21 0.95824867
22 0.16753013
23 0.16223947
24 0.00081443
25 0.16328755
26 0.39924042
27 0.00660726
28 0.00826632
29 0.00751519
30 0.39480557
31 0.16028164
32 0.15989236
33 0.00150839
34 0.00262823
35 0.16299171
36 0.08894594
37 0.00378329
38 0.00957791
39 0.00372345
40 0.00349185
41 0.40861873
42 0.40690451
43 0.17563805
44 0.17529327
45 0.00035769
46 0.00016318
47 0.00020527
48 0.23577532
49 0.18822740
50 0.13459841
51 0.15274395
52 0.28071045
53 0.40061533
54 0.39324292
55 0.39595268
56 0.11682390
57 0.11575405
58 0.11636349
59 0.00125215
60 0.11286757
61 0.07697099
62 0.04996401
63 0.19030086
64 0.26935216
65 0.16017954
66 0.27852861
67 0.39707142
68 0.00233192
69 0.00106200
70 0.00075856
71 0.11825695
72 0.14626865
73 0.01172181
74 0.06823891
75 0.21181600
76 0.00209917
77 0.00053004
78 0.00115920
79 0.17629098
80 0.00017631
81 0.00020544
82 0.00256901
83 1.25389778
84 0.85843743
85 0.00891242
86 0.40275922
87 0.09278926
88 0.00410053
89 0.00397938
90 0.15761738
91 0.00321605
92 0.00443199
93 0.00131898
94 0.00602438
95 1.09167723
96 0.27153754
97 0.00029904
98 0.42570416
99 0.40859484
100 0.17608313
101 0.00042314
102 0.00102851
103 0.00022788
104 0.00069955
105 0.00070554
106 0.15816656
107 1.17023850
108 0.00709128
109 0.00180285
110 0.00366658
111 0.00153490
112 0.00483743
113 1.10486601
114 0.15860303
115 0.01982968
116 0.00562128
117 0.00508142
118 0.00477666
119 0.01651718
120 1.63102121
121 0.66392594
122 3.16902427
123 2.02996050
124 0.01688133
125 0.40935495
126 0.91069963
127 2.13703781
128 0.00795974
129 0.00495690
130 0.13452366
131 0.00091257
132 0.13449129
133 0.00709354
134 0.13107424
135 2.17969098
136 2.17910760
137 0.55889306
138 0.00229965
139 0.39805267
140 0.00156702
141 0.16182895
142 1.19372594
143 0.01850650
144 0.03282330
145 0.29124858
146 0.26834413
147 0.01799927
148 1.08889705
149 1.10002575
150 0.85110902
151 0.22266120
152 0.17587633
153 0.17585166
154 0.00307684
155 0.00123569
156 0.00223623
157 0.39407449
158 0.43171218
159 0.42913691
160 0.27778396
161 0.27977842
162 0.40975931
163 0.00051448
164 0.00060217
165 0.15544767
166 0.01800726
167 0.93635307
168 0.22088962
169 0.79855724
170 0.00604260
171 0.00059607
172 0.00112918
173 0.39278872
174 0.40751206
175 0.17790389
176 0.00364901
177 0.00228265
178 0.00028301
179 0.00048175
180 0.00070323
181 0.00152933
182 1.56831112
183 0.74462209
184 0.01093951
185 0.00456818
186 0.43236391
187 0.00413673
188 0.00067583
189 0.40992856
190 0.09250734
191 0.00876933
192 0.15966119
193 0.00349654
194 0.00661008
195 0.00132965
196 0.39635360
197 0.00769745
198 0.40225460
199 0.17631006
200 0.38198528
201 0.38238232
202 0.00215638
203 0.00039679
204 0.00047407
205 0.17652839
206 0.17651563
207 0.17649180
208 0.17649457
209 1.12937583
210 0.12711191
211 0.00201240
212 0.00600976
213 0.00211993
214 0.70109839
215 0.28498535
216 0.28021593
217 0.54151840
218 0.00660883
219 0.00433095
220 0.01246763
221 0.01491750
222 0.15735974
223 0.01348679
224 0.39016992
225 0.42685066
226 0.42611627
227 0.00192055
228 0.00274527
229 0.39773863
230 0.39441186
231 0.00322692
232 0.39633760
233 0.00015753
234 0.11823984
235 0.00027176
236 0.01613110
237 0.26320818
238 0.00039192
239 0.00024866
240 0.00043006
241 0.00066672
242 0.39616929
243 0.00411038
244 0.17657881
245 0.00019481
246 0.00041935
247 0.17656944
248 0.17647618
249 0.17645898
250 1.27032344
251 0.87371803
252 0.40857252
253 0.00221516
254 0.00224160
255 0.40915978
256 0.40838441
257 0.00146741
258 0.14328872
259 0.05539997
260 0.00187386
261 0.01016896
262 0.00511633
263 0.04617729
264 1.24729653
265 1.25752553
266 1.27995490
267 0.12673227
268 0.71678939
269 0.55767938
270 0.01772634
271 0.13973381
272 0.00064394
273 0.00656265
274 0.00189115
275 0.13536304
276 0.00844684
277 10.52636243
278 2.48087133
279 9.89934396
280 1.19754528
281 0.00654724
282 0.00509788
283 1.36596044
284 0.83167120
285 0.14506579
286 0.01061445
287 0.34639224
288 0.78277267
289 0.01739760
290 1.09753015
291 0.83134616
292 0.01362023
293 0.89591212
294 0.16068429
295 0.41099684
296 0.52899246
297 0.17214426
298 0.17514880
299 0.09131386
300 0.00181792
301 0.16622714
302 0.15871226
303 0.00214210
304 0.33899520
305 0.35099155
306 0.00287183
307 0.00078798
308 0.00084517
309 0.00087331
310 0.13521731
311 0.01498902
312 0.14193016
313 0.15280418
314 1.29599383
315 0.33453160
316 0.64086533
317 0.22321089
318 0.00074101
319 0.00078709
320 0.00187070
321 0.00461951
322 0.19121634
323 0.14875421
324 1.18661747
325 1.24098322
326 0.13339889
327 0.09721223
328 0.17779616
329 0.17726117
330 0.00207849
331 0.17739035
332 0.39632164
333 0.39925179
334 0.00562225
335 0.16113382
336 0.15919585
337 0.00115850
338 0.00070406
339 0.00212904
340 0.00112141
341 1.27915750
342 0.19675281
343 0.12305060
344 0.06087823
345 0.06052865
346 0.27286248
347 0.24629737
348 0.18939056
349 0.49974423
350 0.01485139
351 0.00327595
352 0.00498166
353 0.00689800
354 0.15902027
355 0.00287424
356 0.00434413
357 0.82987883
358 0.83018583
359 0.00158920
360 0.39645746
361 0.39606267
362 0.39801824
363 0.00084998
364 0.00055824
365 0.00050736
366 0.00052051
367 0.00056802
368 0.00027134
369 0.00066476
370 8.82028550
371 1.81696522
372 4.10916455
373 1.11109742
374 0.36835705
375 3.38356209
376 0.27017986
377 0.02526208
378 6.78538490
379 4.63596323
380 1.10501516
381 1.17167805
382 0.01435253
383 0.02425624
384 0.00622507
385 0.13737830
386 0.00127107
387 0.01754767
388 0.02078885
389 8.23750008
390 8.20603694
391 0.26411830
392 0.79533405
393 0.25291353
394 0.57921834
395 0.00478786
396 0.55151679
397 0.14730461
398 0.87382055
399 0.80831115
400 0.16957433
401 0.00248772
402 0.00372632
403 0.09756153
404 0.42103173
405 0.56007550
406 0.55899275
407 0.41317674
408 0.09144454
409 0.00155889
410 0.13420761
411 0.13880500
412 0.00136340
413 0.00125283
414 0.16115126
415 1.75762341
416 0.65492910
417 0.27060707
418 0.42920513
419 0.54172706
420 0.17193979
421 0.16004651
422 0.00190075
423 0.00596209
424 0.00787776
425 0.15764094
426 0.15836367
427 1.14786551
428 0.26944421
429 0.00118930
430 0.80558219
431 0.00326552
432 0.09328407
433 0.08997045
434 0.13801436
435 0.00241926
436 0.13937512
437 0.08973282
438 0.15020161
439 0.01295361
440 0.01001270
441 0.15990917
442 0.41702339
443 0.42708767
444 0.17739636
445 0.00382699
446 0.00223067
447 0.00170222
448 0.00241948
449 0.09285479
450 0.17603309
451 0.43796746
452 0.43500727
453 0.00142791
454 0.00060075
455 0.00218422
456 0.40544463
457 0.00251049
458 0.71252420
459 0.00284213
460 0.15170861
461 0.01013520
462 0.70968546
463 0.00631495
464 0.77045822
465 0.27639319
466 0.44890277
467 0.40376411
468 0.37543553
469 0.39696094
470 0.00508940
471 0.39318455
472 0.39095676
473 0.00220702
474 0.81887625
475 0.69850257
476 0.14679079
477 0.13805338
478 0.00178914
479 0.37641894
480 0.37750307
481 0.00079739
482 0.00170280
483 0.81579181
484 0.42562842
485 0.00077684
486 0.00093777
487 0.27590143
488 0.11968183
