1 0.03197364
3 0.30420849
5 0.55669840
7 0.52841007
9 0.19647022
11 0.07549022
13 0.03078450
15 0.03764497
17 0.03688712
19 0.02815088
21 0.01626256
23 0.01244512
25 0.01168349
27 0.01340225
29 0.01043381
31 0.01021578
33 0.00865210
35 0.01671990
37 0.00947352
39 0.00800639
41 0.01180997
43 0.00628113
45 0.00533115
47 0.00410588
49 0.00350843
1 0.01671789
3 0.11269670
5 0.25221930
7 0.03719359
9 0.01899358
11 0.02282796
13 0.03189304
15 0.02472770
17 0.01346960
19 0.01425054
21 0.01224104
23 0.01559653
25 0.02462167
27 0.01588493
29 0.00511459
31 0.00438253
33 0.00743517
35 0.01216249
37 0.00631158
39 0.00899247
41 0.00297249
43 0.00283030
45 0.00675786
47 0.00494585
49 0.00380990
1 0.00947885
3 0.05112255
5 0.08582956
7 0.03424747
9 0.01143935
11 0.00972132
13 0.01566450
15 0.01313983
17 0.01746434
19 0.00490754
21 0.00455572
23 0.00518776
25 0.00279790
27 0.00233466
29 0.00266886
31 0.00150258
33 0.00132836
35 0.00070354
37 0.00126026
39 0.00079381
41 0.00074106
43 0.00049535
45 0.00058712
47 0.00039086
49 0.00049239
1 0.00043592
3 0.00078933
5 0.00050963
7 0.00028201
9 0.00030825
11 0.00020122
13 0.00015554
15 0.00022892
17 0.00017132
19 0.00013381
21 0.00011099
23 0.00025637
25 0.00018061
27 0.00017141
29 0.00006331
31 0.00005390
33 0.00010533
35 0.00009122
37 0.00010731
39 0.00005268
41 0.00006815
43 0.00005255
45 0.00005084
47 0.00004197
49 0.00005979
1 0.00005087
3 0.00003662
5 0.00001947
7 0.00002429
9 0.00005454
11 0.00004472
13 0.00005620
15 0.00003607
17 0.00004242
19 0.00004101
21 0.00003968
23 0.00004545
25 0.00003119
27 0.00005844
29 0.00004237
31 0.00005100
33 0.00002346
35 0.00003640
37 0.00003678
39 0.00004130
41 0.00005017
43 0.00003957
45 0.00003019
47 0.00004191
49 0.00003427
1 0.00001755
3 0.00001882
5 0.00001599
7 0.00001270
9 0.00001128
11 0.00001932
13 0.00003450
15 0.00002056
17 0.00002752
19 0.00001454
21 0.00001116
23 0.00001564
25 0.00001288
27 0.00001590
29 0.00002137
31 0.00002434
33 0.00002334
35 0.00002808
37 0.00002017
39 0.00003637
41 0.00003597
43 0.00002705
45 0.00001543
47 0.00002240
49 0.00001465
1 0.00003213
3 0.00002858
5 0.00002856
7 0.00002856
9 0.00002856
11 0.00002856
13 0.00002856
15 0.00002856
17 0.00002856
19 0.00002856
21 0.00002856
23 0.00002856
25 0.00002856
27 0.00002856
29 0.00002856
31 0.00002856
33 0.00002856
35 0.00002856
37 0.00002856
39 0.00002856
41 0.00002856
43 0.00002856
45 0.00002856
47 0.00002856
49 0.00002856
1 0.00003129
3 0.00003111
5 0.00003111
7 0.00003111
9 0.00003111
11 0.00003111
13 0.00003111
15 0.00003111
17 0.00003111
19 0.00003111
21 0.00003111
23 0.00003111
25 0.00003111
27 0.00003111
29 0.00003111
31 0.00003111
33 0.00003111
35 0.00003111
37 0.00003111
39 0.00003111
41 0.00003111
43 0.00003111
45 0.00003111
47 0.00003111
49 0.00003111
1 0.00003414
3 0.00003408
5 0.00003408
7 0.00003408
9 0.00003408
11 0.00003408
13 0.00003408
15 0.00003408
17 0.00003408
