-6136.631039244366548
-6136.637032319097671
-6136.640385987208901
-6136.643405667160550
-6136.645239502956429
-6136.647143628121739
-6136.648700444172391
-6136.649741962584812
-6136.650871819231725
-6136.651757683408505
-6136.652389782726459
-6136.652957166448687
-6136.653423650661352
-6136.654066036968288
-6136.654605600244395
-6136.655307524922137
-6136.655934283591705
-6136.656842009931097
-6136.657722468813517
-6136.658326500256408
-6136.658973011797571
-6136.659537504960099
-6136.659778943026140
-6136.660092909578452
-6136.660326320748027
-6136.660437642707620
-6136.660545152165469
-6136.660657972139234
-6136.660758262848503
-6136.660856986448380
-6136.660980808328532
-6136.661087226039854
-6136.661157700161311
-6136.661239108751943
-6136.661293485341957
-6136.661375729537212
-6136.661448120529712
-6136.661505666932499
-6136.661532363113110
-6136.661553050695147
-6136.661615548026020
-6136.661650340885899
-6136.661676972731584
-6136.661696483258311
-6136.661721712863255
-6136.661754100023245
-6136.661781027326469
-6136.661797866346205
-6136.661811163152379
-6136.661817865046032
-6136.661866210017251
-6136.661888304224703
-6136.661901172128637
-6136.661925460050043
-6136.661937742154805
-6136.661940071147001
-6136.661948931228835
-6136.661967646595258
-6136.661989006453041
-6136.662001298186624
-6136.661999769878094
-6136.662003183078923
-6136.662012842455624
-6136.662031193811345
-6136.662047475558211
-6136.662055171861539
-6136.662063440951897
-6136.662063280587063
-6136.662069325376251
-6136.662048864202006
-6136.662087462313139
-6136.662103169450347
-6136.662116548959602
-6136.662121303038475
-6136.661818767346631
-6136.662129205386918
-6136.662134725164833
-6136.662130653412532
-6136.662134393606721
-6136.662135984287488
